4501 251 31627.88 12 3 2001 118 38 4000 1000 1 25 125 1 1 28595 22 6408 5430 339657697 0 4956 5247
4502 251 31627.93 12 3 2001 118 38 4000 1000 1 25 125 2 1 28873 22 6407 5429 339657744 0 4956 5250
4503 251 31627.97 12 3 2001 118 38 4000 1000 1 25 125 3 1 28728 22 6409 5429 339657791 0 4956 5252
4504 251 31628.02 12 3 2001 118 38 4000 1000 1 25 125 4 1 29535 23 6408 5430 339657833 0 4957 5252
4505 251 31628.08 12 3 2001 118 38 4000 1000 1 25 125 5 1 28559 22 6407 5429 339657892 0 4958 5253
4506 251 31628.12 12 3 2001 118 38 4000 1000 1 25 125 6 1 27722 21 6408 5430 339657942 0 4958 5255
4507 251 31628.17 12 3 2001 118 38 4000 1000 1 25 125 7 1 28959 22 6407 5429 339657986 0 4960 5255
4508 251 31628.22 12 3 2001 118 38 4000 1000 1 25 125 8 1 28856 22 6408 5429 339658033 0 4961 5257
4509 251 31628.26 12 3 2001 118 38 4000 1000 1 25 125 9 1 28994 22 6407 5430 339658080 0 4961 5259
4510 251 31628.31 12 3 2001 118 38 4000 1000 1 25 125 10 1 28508 22 6408 5429 339658122 0 4963 5259
4511 251 31628.36 12 3 2001 118 38 4000 1000 1 25 125 11 1 29238 23 6408 5429 339658171 0 4965 5260
4512 251 31628.41 12 3 2001 118 38 4000 1000 1 25 125 12 1 28863 23 6406 5429 339658223 0 4965 5262
4513 251 31628.46 12 3 2001 118 38 4000 1000 1 25 125 13 1 28979 23 6408 5429 339658273 0 4967 5262
4514 251 31628.51 12 3 2001 118 38 4000 1000 1 25 125 14 1 29459 23 6406 5429 339658322 0 4970 5264
4515 251 31628.55 12 3 2001 118 38 4000 1000 1 25 125 15 1 28642 22 6407 5429 339658370 0 4970 5266
4516 251 31628.61 12 3 2001 118 38 4000 1000 1 25 125 16 1 28983 22 6408 5429 339658426 0 4972 5266
4517 251 31628.66 12 3 2001 118 38 4000 1000 1 25 125 17 1 27848 21 6406 5429 339658473 0 4974 5267
4518 251 31628.73 12 3 2001 118 38 4000 1000 1 25 125 18 256 0 0 3203 2714 339658557 0 4974 5270
4519 252 31628.79 12 3 2001 118 38 4000 1000 1 25 125 1 1 28637 22 6406 5429 339658607 0 4977 5270
4520 252 31628.84 12 3 2001 118 38 4000 1000 1 25 125 2 1 28929 22 6406 5429 339658654 0 4979 5272
4521 252 31628.88 12 3 2001 118 38 4000 1000 1 25 125 3 1 28798 22 6407 5429 339658702 0 4979 5274
4522 252 31628.93 12 3 2001 118 38 4000 1000 1 25 125 4 1 29612 23 6407 5429 339658743 0 4980 5274
4523 252 31628.98 12 3 2001 118 38 4000 1000 1 25 125 5 1 28624 22 6407 5429 339658791 0 4981 5276
4524 252 31629.02 12 3 2001 118 38 4000 1000 1 25 125 6 1 27781 21 6406 5429 339658840 0 4981 5277
4525 252 31629.07 12 3 2001 118 38 4000 1000 1 25 125 7 1 29011 22 6406 5428 339658881 0 4982 5277
4526 252 31629.12 12 3 2001 118 38 4000 1000 1 25 125 8 1 28909 22 6407 5429 339658934 0 4984 5279
4527 252 31629.16 12 3 2001 118 38 4000 1000 1 25 125 9 1 29050 22 6406 5429 339658982 0 4984 5281
4528 252 31629.42 12 3 2001 118 38 4000 1000 1 25 125 10 1 28569 22 6406 5428 339659232 0 4984 5281
4529 252 31629.47 12 3 2001 118 38 4000 1000 1 25 125 11 1 29296 23 6406 5429 339659281 0 4989 5282
4530 252 31629.52 12 3 2001 118 38 4000 1000 1 25 125 12 1 28925 23 6406 5429 339659332 0 4989 5289
4531 252 31629.57 12 3 2001 118 38 4000 1000 1 25 125 13 1 27830 22 6406 5428 339659383 0 4990 5289
4532 252 31629.62 12 3 2001 118 38 4000 1000 1 25 125 14 1 29595 23 6406 5429 339659432 0 4991 5291
4533 252 31629.66 12 3 2001 118 38 4000 1000 1 25 125 15 1 28760 22 6406 5428 339659481 0 4991 5292
4534 252 31629.71 12 3 2001 118 38 4000 1000 1 25 125 16 1 29049 22 6405 5429 339659524 0 4992 5292
4535 252 31629.76 12 3 2001 118 38 4000 1000 1 25 125 17 1 27913 21 6405 5428 339659574 0 4994 5294
4536 252 31629.83 12 3 2001 118 38 4000 1000 1 25 125 18 512 221 0 3203 2714 339659657 0 4994 5296
4537 253 31629.89 12 3 2001 118 38 4000 1000 1 25 125 1 1 28740 22 6404 5428 339659707 0 4997 5296
4538 253 31629.94 12 3 2001 118 38 4000 1000 1 25 125 2 1 28995 22 6406 5428 339659755 0 4999 5298
4539 253 31629.98 12 3 2001 118 38 4000 1000 1 25 125 3 1 28829 22 6405 5428 339659802 0 4999 5300
4540 253 31630.04 12 3 2001 118 38 4000 1000 1 25 125 4 1 28462 22 6405 5427 339659855 0 5000 5300
4541 253 31630.09 12 3 2001 118 38 4000 1000 1 25 125 5 1 28747 22 6405 5428 339659901 0 5003 5302
4542 253 31630.13 12 3 2001 118 38 4000 1000 1 25 125 6 1 27828 21 6406 5427 339659952 0 5003 5303
4543 253 31630.18 12 3 2001 118 38 4000 1000 1 25 125 7 1 29082 22 6406 5427 339659995 0 5005 5303
4544 253 31630.23 12 3 2001 118 38 4000 1000 1 25 125 8 1 27694 21 6404 5428 339660043 0 5008 5305
4545 253 31630.27 12 3 2001 118 38 4000 1000 1 25 125 9 1 29099 22 6405 5428 339660090 0 5008 5306
4546 253 31630.32 12 3 2001 118 38 4000 1000 1 25 125 10 1 28694 22 6404 5428 339660132 0 5011 5306
4547 253 31630.37 12 3 2001 118 38 4000 1000 1 25 125 11 1 29510 23 6404 5428 339660181 0 5013 5308
4548 253 31630.42 12 3 2001 118 38 4000 1000 1 25 125 12 1 29194 23 6405 5428 339660232 0 5013 5310
4549 253 31630.47 12 3 2001 118 38 4000 1000 1 25 125 13 1 29425 23 6405 5427 339660283 0 5016 5310
4550 253 31630.52 12 3 2001 118 38 4000 1000 1 25 125 14 1 28574 22 6404 5428 339660332 0 5019 5312
4551 253 31630.58 12 3 2001 118 38 4000 1000 1 25 125 15 1 28903 22 6403 5427 339660393 0 5019 5314
4552 253 31630.63 12 3 2001 118 38 4000 1000 1 25 125 16 1 29121 22 6405 5428 339660443 0 5022 5314
4553 253 31630.68 12 3 2001 118 38 4000 1000 1 25 125 17 1 27980 21 6405 5427 339660492 0 5025 5316
4554 253 31630.89 12 3 2001 118 38 4000 1000 1 25 125 18 769 10520333 4677 3202 2714 339660577 0 5025 5318
4555 254 31630.95 12 3 2001 118 38 4000 1000 1 25 125 1 1 28958 22 6403 5427 339660769 0 5036 5318
4556 254 31631.00 12 3 2001 118 38 4000 1000 1 25 125 2 1 29096 22 6404 5427 339660812 0 5039 5321
4557 254 31631.04 12 3 2001 118 38 4000 1000 1 25 125 3 1 29044 22 6403 5427 339660862 0 5039 5327
4558 254 31631.09 12 3 2001 118 38 4000 1000 1 25 125 4 1 28945 22 6404 5427 339660905 0 5041 5327
4559 254 31631.14 12 3 2001 118 38 4000 1000 1 25 125 5 1 28993 22 6403 5426 339660954 0 5044 5329
4560 254 31631.18 12 3 2001 118 38 4000 1000 1 25 125 6 1 27890 21 6403 5427 339661000 0 5044 5331
4561 254 31631.23 12 3 2001 118 38 4000 1000 1 25 125 7 1 27836 21 6403 5426 339661043 0 5046 5331
4562 254 31631.28 12 3 2001 118 38 4000 1000 1 25 125 8 1 27754 21 6404 5426 339661091 0 5048 5332
4563 254 31631.40 12 3 2001 118 38 4000 1000 1 25 125 9 1 27941 21 6404 5426 339661221 0 5048 5334
4564 254 31631.45 12 3 2001 118 38 4000 1000 1 25 125 10 1 27802 21 6404 5426 339661266 0 5053 5334
4565 254 31631.50 12 3 2001 118 38 4000 1000 1 25 125 11 1 28975 22 6403 5426 339661315 0 5056 5339
4566 254 31631.54 12 3 2001 118 38 4000 1000 1 25 125 12 1 28800 22 6403 5426 339661360 0 5056 5340
4567 254 31631.59 12 3 2001 118 38 4000 1000 1 25 125 13 1 28929 22 6403 5426 339661405 0 5057 5340
4568 254 31631.64 12 3 2001 118 38 4000 1000 1 25 125 14 1 27758 21 6403 5426 339661452 0 5060 5342
4569 254 31631.69 12 3 2001 118 38 4000 1000 1 25 125 15 1 27845 21 6402 5426 339661503 0 5060 5344
4570 254 31631.74 12 3 2001 118 38 4000 1000 1 25 125 16 1 27859 21 6403 5426 339661553 0 5062 5344
4571 254 31631.79 12 3 2001 118 38 4000 1000 1 25 125 17 1 27918 21 6403 5426 339661602 0 5063 5345
4572 254 31632.00 12 3 2001 118 38 4000 1000 1 25 125 18 1025 2131595 5037 3201 2713 339661686 0 5063 5348
4573 255 31632.06 12 3 2001 118 38 4000 1000 1 25 125 1 1 29119 22 6403 5426 339661881 0 5066 5348
4574 255 31632.11 12 3 2001 118 38 4000 1000 1 25 125 2 1 29143 22 6403 5425 339661924 0 5067 5350
4575 255 31632.35 12 3 2001 118 38 4000 1000 1 25 125 3 1 27898 21 6403 5425 339662171 0 5067 5356
4576 255 31632.40 12 3 2001 118 38 4000 1000 1 25 125 4 1 27992 21 6401 5425 339662215 0 5071 5356
4577 255 31632.45 12 3 2001 118 38 4000 1000 1 25 125 5 1 27838 21 6401 5425 339662264 0 5072 5363
4578 255 31632.49 12 3 2001 118 38 4000 1000 1 25 125 6 1 27818 21 6402 5425 339662310 0 5072 5365
4579 255 31632.54 12 3 2001 118 38 4000 1000 1 25 125 7 1 29099 22 6402 5425 339662353 0 5074 5365
4580 255 31632.59 12 3 2001 118 38 4000 1000 1 25 125 8 1 27788 21 6403 5425 339662402 0 5075 5367
4581 255 31632.63 12 3 2001 118 38 4000 1000 1 25 125 9 1 28037 21 6402 5425 339662452 0 5075 5369
4582 255 31632.68 12 3 2001 118 38 4000 1000 1 25 125 10 1 28095 21 6401 5425 339662495 0 5077 5369
4583 255 31632.73 12 3 2001 118 38 4000 1000 1 25 125 11 1 29532 22 6401 5425 339662544 0 5080 5370
4584 255 31632.77 12 3 2001 118 38 4000 1000 1 25 125 12 1 29602 22 6403 5425 339662590 0 5080 5372
4585 255 31632.82 12 3 2001 118 38 4000 1000 1 25 125 13 1 29613 22 6402 5425 339662634 0 5082 5372
4586 255 31632.88 12 3 2001 118 38 4000 1000 1 25 125 14 1 29462 22 6401 5424 339662693 0 5084 5374
4587 255 31632.93 12 3 2001 118 38 4000 1000 1 25 125 15 1 27981 21 6401 5424 339662742 0 5084 5376
4588 255 31632.98 12 3 2001 118 38 4000 1000 1 25 125 16 1 27856 21 6401 5425 339662793 0 5087 5376
4589 255 31633.03 12 3 2001 118 38 4000 1000 1 25 125 17 1 27836 21 6402 5425 339662842 0 5090 5378
4590 255 31633.10 12 3 2001 118 38 4000 1000 1 25 125 18 0 101 0 3201 2712 339662928 0 5090 5379
4591 256 31633.16 12 3 2001 118 38 4000 1000 1 25 125 1 1 27923 21 6402 5424 339662977 0 5093 5379
4592 256 31633.21 12 3 2001 118 38 4000 1000 1 25 125 2 1 27794 21 6402 5425 339663024 0 5095 5382
4593 256 31633.26 12 3 2001 118 38 4000 1000 1 25 125 3 1 27991 21 6401 5424 339663073 0 5095 5384
4594 256 31633.30 12 3 2001 118 38 4000 1000 1 25 125 4 1 29634 22 6401 5424 339663121 0 5097 5384
4595 256 31633.35 12 3 2001 118 38 4000 1000 1 25 125 5 1 27947 21 6401 5425 339663165 0 5098 5386
4596 256 31633.39 12 3 2001 118 38 4000 1000 1 25 125 6 1 28991 22 6401 5424 339663210 0 5098 5387
4597 256 31633.44 12 3 2001 118 38 4000 1000 1 25 125 7 1 29010 22 6401 5424 339663253 0 5099 5387
4598 256 31633.50 12 3 2001 118 38 4000 1000 1 25 125 8 1 27788 21 6401 5424 339663314 0 5101 5389
4599 256 31633.54 12 3 2001 118 38 4000 1000 1 25 125 9 1 28132 21 6401 5424 339663360 0 5101 5391
4600 256 31633.59 12 3 2001 118 38 4000 1000 1 25 125 10 1 29710 22 6400 5424 339663402 0 5102 5391
4601 256 31633.64 12 3 2001 118 38 4000 1000 1 25 125 11 1 28714 21 6401 5424 339663452 0 5103 5393
4602 256 31633.69 12 3 2001 118 38 4000 1000 1 25 125 12 1 28919 21 6400 5424 339663504 0 5103 5395
4603 256 31633.74 12 3 2001 118 38 4000 1000 1 25 125 13 1 28725 21 6401 5424 339663553 0 5103 5395
4604 256 31633.79 12 3 2001 118 38 4000 1000 1 25 125 14 1 29665 22 6401 5424 339663602 0 5104 5396
4605 256 31633.83 12 3 2001 118 38 4000 1000 1 25 125 15 1 28055 21 6401 5424 339663650 0 5104 5398
4606 256 31633.88 12 3 2001 118 38 4000 1000 1 25 125 16 1 27852 21 6401 5424 339663693 0 5105 5398
4607 256 31633.93 12 3 2001 118 38 4000 1000 1 25 125 17 1 29093 22 6401 5423 339663744 0 5106 5400
4608 256 31634.00 12 3 2001 118 38 4000 1000 1 25 125 18 256 0 0 3200 2712 339663830 0 5106 5402
4609 257 31634.08 12 3 2001 118 38 4000 1000 1 25 125 1 1 27975 21 6401 5424 339663888 0 5107 5402
4610 257 31634.12 12 3 2001 118 38 4000 1000 1 25 125 2 1 29109 22 6401 5424 339663939 0 5108 5404
4611 257 31634.17 12 3 2001 118 38 4000 1000 1 25 125 3 1 28024 21 6401 5424 339663983 0 5108 5406
4612 257 31634.22 12 3 2001 118 38 4000 1000 1 25 125 4 1 29741 22 6401 5424 339664031 0 5109 5406
4613 257 31634.27 12 3 2001 118 38 4000 1000 1 25 125 5 1 27989 21 6400 5423 339664082 0 5109 5408
4614 257 31634.31 12 3 2001 118 38 4000 1000 1 25 125 6 1 28932 22 6399 5423 339664132 0 5109 5410
4615 257 31634.36 12 3 2001 118 38 4000 1000 1 25 125 7 1 28978 22 6401 5423 339664176 0 5110 5410
4616 257 31634.41 12 3 2001 118 38 4000 1000 1 25 125 8 1 27739 21 6400 5423 339664225 0 5111 5412
4617 257 31634.45 12 3 2001 118 38 4000 1000 1 25 125 9 1 28110 21 6400 5423 339664270 0 5111 5414
4618 257 31634.50 12 3 2001 118 38 4000 1000 1 25 125 10 1 29791 22 6400 5423 339664312 0 5113 5414
4619 257 31634.55 12 3 2001 118 38 4000 1000 1 25 125 11 1 29002 21 6399 5424 339664361 0 5114 5416
4620 257 31634.60 12 3 2001 118 38 4000 1000 1 25 125 12 1 27853 20 6400 5424 339664417 0 5114 5417
4621 257 31634.86 12 3 2001 118 38 4000 1000 1 25 125 13 1 29009 21 6401 5423 339664672 0 5116 5417
4622 257 31634.91 12 3 2001 118 38 4000 1000 1 25 125 14 1 28466 21 6398 5423 339664721 0 5125 5419
4623 257 31634.96 12 3 2001 118 38 4000 1000 1 25 125 15 1 28095 21 6399 5423 339664772 0 5125 5426
4624 257 31635.01 12 3 2001 118 38 4000 1000 1 25 125 16 1 29154 22 6399 5424 339664823 0 5128 5426
4625 257 31635.06 12 3 2001 118 38 4000 1000 1 25 125 17 1 28971 22 6399 5423 339664872 0 5131 5428
4626 257 31635.13 12 3 2001 118 38 4000 1000 1 25 125 18 512 221 0 3199 2711 339664958 0 5131 5430
4627 258 31635.19 12 3 2001 118 38 4000 1000 1 25 125 1 1 28000 21 6400 5423 339665007 0 5136 5430
4628 258 31635.24 12 3 2001 118 38 4000 1000 1 25 125 2 1 29038 22 6400 5423 339665054 0 5139 5433
4629 258 31635.28 12 3 2001 118 38 4000 1000 1 25 125 3 1 28030 21 6398 5423 339665102 0 5139 5435
4630 258 31635.33 12 3 2001 118 38 4000 1000 1 25 125 4 1 29843 22 6398 5423 339665145 0 5142 5435
4631 258 31635.38 12 3 2001 118 38 4000 1000 1 25 125 5 1 28008 21 6398 5423 339665193 0 5145 5437
4632 258 31635.42 12 3 2001 118 38 4000 1000 1 25 125 6 1 28723 22 6400 5422 339665241 0 5145 5438
4633 258 31635.48 12 3 2001 118 38 4000 1000 1 25 125 7 1 28798 22 6399 5422 339665295 0 5147 5438
4634 258 31635.53 12 3 2001 118 38 4000 1000 1 25 125 8 1 27669 21 6399 5422 339665344 0 5150 5439
4635 258 31635.57 12 3 2001 118 38 4000 1000 1 25 125 9 1 28129 21 6398 5423 339665390 0 5150 5442
4636 258 31635.62 12 3 2001 118 38 4000 1000 1 25 125 10 1 28511 21 6399 5423 339665432 0 5153 5442
4637 258 31635.67 12 3 2001 118 38 4000 1000 1 25 125 11 1 29170 21 6399 5422 339665483 0 5156 5444
4638 258 31635.72 12 3 2001 118 38 4000 1000 1 25 125 12 1 27986 20 6399 5422 339665533 0 5156 5445
4639 258 31635.77 12 3 2001 118 38 4000 1000 1 25 125 13 1 28995 21 6399 5422 339665584 0 5160 5445
4640 258 31635.82 12 3 2001 118 38 4000 1000 1 25 125 14 1 28451 21 6399 5422 339665632 0 5163 5447
4641 258 31635.86 12 3 2001 118 38 4000 1000 1 25 125 15 1 28051 21 6398 5422 339665680 0 5163 5449
4642 258 31635.91 12 3 2001 118 38 4000 1000 1 25 125 16 1 29074 22 6399 5422 339665724 0 5165 5449
4643 258 31635.96 12 3 2001 118 38 4000 1000 1 25 125 17 1 28841 22 6398 5422 339665774 0 5168 5451
4644 258 31636.18 12 3 2001 118 38 4000 1000 1 25 125 18 769 1083155 4677 3198 2711 339665868 0 5168 5452
4645 259 31636.24 12 3 2001 118 38 4000 1000 1 25 125 1 1 27916 21 6398 5421 339666059 0 5176 5452
4646 259 31636.29 12 3 2001 118 38 4000 1000 1 25 125 2 1 28901 22 6397 5421 339666102 0 5177 5455
4647 259 31636.34 12 3 2001 118 38 4000 1000 1 25 125 3 1 27938 21 6398 5421 339666154 0 5177 5461
4648 259 31636.39 12 3 2001 118 38 4000 1000 1 25 125 4 1 29667 22 6398 5421 339666204 0 5179 5461
4649 259 31636.44 12 3 2001 118 38 4000 1000 1 25 125 5 1 27894 21 6398 5421 339666254 0 5181 5463
4650 259 31636.48 12 3 2001 118 38 4000 1000 1 25 125 6 1 28567 22 6397 5421 339666300 0 5181 5465
4651 259 31636.53 12 3 2001 118 38 4000 1000 1 25 125 7 1 28633 22 6398 5421 339666342 0 5182 5465
4652 259 31636.58 12 3 2001 118 38 4000 1000 1 25 125 8 1 28784 22 6399 5421 339666394 0 5183 5467
4653 259 31636.62 12 3 2001 118 38 4000 1000 1 25 125 9 1 27953 21 6398 5421 339666442 0 5183 5468
4654 259 31636.67 12 3 2001 118 38 4000 1000 1 25 125 10 1 29637 22 6398 5421 339666484 0 5184 5468
4655 259 31636.72 12 3 2001 118 38 4000 1000 1 25 125 11 1 28822 21 6398 5421 339666533 0 5185 5470
4656 259 31636.78 12 3 2001 118 38 4000 1000 1 25 125 12 1 28924 21 6398 5420 339666592 0 5185 5472
4657 259 31636.83 12 3 2001 118 38 4000 1000 1 25 125 13 1 28631 21 6397 5421 339666648 0 5187 5472
4658 259 31636.88 12 3 2001 118 38 4000 1000 1 25 125 14 1 29613 22 6398 5421 339666695 0 5188 5473
4659 259 31636.92 12 3 2001 118 38 4000 1000 1 25 125 15 1 27956 21 6397 5421 339666741 0 5188 5475
4660 259 31636.97 12 3 2001 118 38 4000 1000 1 25 125 16 1 29008 22 6397 5422 339666785 0 5188 5475
4661 259 31637.02 12 3 2001 118 38 4000 1000 1 25 125 17 1 28788 22 6397 5421 339666832 0 5189 5477
4662 259 31637.24 12 3 2001 118 38 4000 1000 1 25 125 18 1025 34450 5037 3199 2711 339666918 0 5189 5479
4663 260 31637.30 12 3 2001 118 38 4000 1000 1 25 125 1 1 27823 21 6398 5421 339667112 0 5193 5479
4664 260 31637.35 12 3 2001 118 38 4000 1000 1 25 125 2 1 28848 22 6396 5421 339667161 0 5194 5481
4665 260 31637.39 12 3 2001 118 38 4000 1000 1 25 125 3 1 27828 21 6397 5421 339667212 0 5194 5486
4666 260 31637.44 12 3 2001 118 38 4000 1000 1 25 125 4 1 28133 21 6396 5421 339667255 0 5195 5486
4667 260 31637.49 12 3 2001 118 38 4000 1000 1 25 125 5 1 27805 21 6396 5421 339667309 0 5197 5488
4668 260 31637.74 12 3 2001 118 38 4000 1000 1 25 125 6 1 28526 22 6396 5421 339667559 0 5197 5489
4669 260 31637.79 12 3 2001 118 38 4000 1000 1 25 125 7 1 28569 22 6397 5420 339667602 0 5202 5489
4670 260 31637.84 12 3 2001 118 38 4000 1000 1 25 125 8 1 28658 22 6396 5420 339667653 0 5204 5496
4671 260 31637.88 12 3 2001 118 38 4000 1000 1 25 125 9 1 27828 21 6397 5420 339667702 0 5204 5498
4672 260 31637.93 12 3 2001 118 38 4000 1000 1 25 125 10 1 28071 21 6397 5420 339667743 0 5206 5498
4673 260 31637.98 12 3 2001 118 38 4000 1000 1 25 125 11 1 28415 21 6396 5420 339667792 0 5208 5499
4674 260 31638.02 12 3 2001 118 38 4000 1000 1 25 125 12 1 29743 22 6396 5419 339667840 0 5208 5501
4675 260 31638.07 12 3 2001 118 38 4000 1000 1 25 125 13 1 29528 22 6395 5420 339667884 0 5210 5501
4676 260 31638.12 12 3 2001 118 38 4000 1000 1 25 125 14 1 28014 21 6397 5420 339667934 0 5212 5503
4677 260 31638.17 12 3 2001 118 38 4000 1000 1 25 125 15 1 27795 21 6396 5420 339667982 0 5212 5504
4678 260 31638.22 12 3 2001 118 38 4000 1000 1 25 125 16 1 28913 22 6396 5420 339668031 0 5214 5504
4679 260 31638.28 12 3 2001 118 38 4000 1000 1 25 125 17 1 28720 22 6395 5420 339668093 0 5218 5506
4680 260 31638.35 12 3 2001 118 38 4000 1000 1 25 125 18 0 100 0 3197 2710 339668179 0 5218 5509
4681 261 31638.41 12 3 2001 118 38 4000 1000 1 25 125 1 1 28947 22 6395 5420 339668227 0 5221 5509
4682 261 31638.46 12 3 2001 118 38 4000 1000 1 25 125 2 1 28707 22 6396 5419 339668274 0 5224 5511
4683 261 31638.51 12 3 2001 118 38 4000 1000 1 25 125 3 1 28920 22 6396 5419 339668323 0 5224 5513
4684 261 31638.56 12 3 2001 118 38 4000 1000 1 25 125 4 1 29094 22 6395 5419 339668371 0 5227 5513
4685 261 31638.62 12 3 2001 118 38 4000 1000 1 25 125 5 1 28888 22 6396 5419 339668422 0 5229 5515
4686 261 31638.67 12 3 2001 118 38 4000 1000 1 25 125 6 1 28488 22 6395 5419 339668483 0 5229 5517
4687 261 31638.72 12 3 2001 118 38 4000 1000 1 25 125 7 1 28481 22 6395 5419 339668531 0 5232 5517
4688 261 31638.76 12 3 2001 118 38 4000 1000 1 25 125 8 1 28513 22 6394 5419 339668581 0 5234 5519
4689 261 31638.81 12 3 2001 118 38 4000 1000 1 25 125 9 1 28873 22 6396 5418 339668624 0 5234 5521
4690 261 31638.86 12 3 2001 118 38 4000 1000 1 25 125 10 1 28993 22 6396 5419 339668673 0 5236 5521
4691 261 31638.92 12 3 2001 118 38 4000 1000 1 25 125 11 1 27850 21 6397 5418 339668733 0 5239 5523
4692 261 31638.96 12 3 2001 118 38 4000 1000 1 25 125 12 1 29065 22 6396 5418 339668781 0 5239 5525
4693 261 31639.01 12 3 2001 118 38 4000 1000 1 25 125 13 1 28982 22 6396 5418 339668823 0 5241 5525
4694 261 31639.06 12 3 2001 118 38 4000 1000 1 25 125 14 1 28977 22 6396 5418 339668874 0 5243 5527
4695 261 31639.11 12 3 2001 118 38 4000 1000 1 25 125 15 1 28893 22 6396 5418 339668922 0 5243 5529
4696 261 31639.16 12 3 2001 118 38 4000 1000 1 25 125 16 1 28771 22 6395 5418 339668971 0 5246 5529
4697 261 31639.21 12 3 2001 118 38 4000 1000 1 25 125 17 1 28627 22 6395 5418 339669022 0 5248 5531
4698 261 31639.28 12 3 2001 118 38 4000 1000 1 25 125 18 256 0 0 3198 2709 339669107 0 5248 5533
4699 262 31639.34 12 3 2001 118 38 4000 1000 1 25 125 1 1 28716 22 6395 5418 339669157 0 5251 5533
4700 262 31639.39 12 3 2001 118 38 4000 1000 1 25 125 2 1 28559 22 6395 5419 339669204 0 5253 5536
4701 262 31639.43 12 3 2001 118 38 4000 1000 1 25 125 3 1 28681 22 6394 5418 339669252 0 5253 5538
4702 262 31639.48 12 3 2001 118 38 4000 1000 1 25 125 4 1 28751 22 6394 5418 339669294 0 5255 5538
4703 262 31639.54 12 3 2001 118 38 4000 1000 1 25 125 5 1 28672 22 6396 5418 339669352 0 5257 5540
4704 262 31639.58 12 3 2001 118 38 4000 1000 1 25 125 6 1 28398 22 6394 5418 339669402 0 5257 5541
4705 262 31639.63 12 3 2001 118 38 4000 1000 1 25 125 7 1 29676 23 6395 5418 339669445 0 5258 5541
4706 262 31639.68 12 3 2001 118 38 4000 1000 1 25 125 8 1 28346 22 6395 5418 339669494 0 5260 5544
4707 262 31639.72 12 3 2001 118 38 4000 1000 1 25 125 9 1 28662 22 6394 5418 339669540 0 5260 5545
4708 262 31639.77 12 3 2001 118 38 4000 1000 1 25 125 10 1 28646 22 6395 5418 339669583 0 5261 5545
4709 262 31639.82 12 3 2001 118 38 4000 1000 1 25 125 11 1 28752 22 6395 5418 339669632 0 5263 5547
4710 262 31639.87 12 3 2001 118 38 4000 1000 1 25 125 12 1 28638 22 6394 5417 339669683 0 5263 5549
4711 262 31639.92 12 3 2001 118 38 4000 1000 1 25 125 13 1 28616 22 6394 5418 339669733 0 5264 5549
4712 262 31639.97 12 3 2001 118 38 4000 1000 1 25 125 14 1 28723 22 6393 5417 339669782 0 5265 5550
4713 262 31640.01 12 3 2001 118 38 4000 1000 1 25 125 15 1 28752 22 6395 5418 339669830 0 5265 5552
4714 262 31640.26 12 3 2001 118 38 4000 1000 1 25 125 16 1 28647 22 6394 5417 339670073 0 5266 5552
4715 262 31640.31 12 3 2001 118 38 4000 1000 1 25 125 17 1 28553 22 6395 5417 339670125 0 5271 5554
4716 262 31640.38 12 3 2001 118 38 4000 1000 1 25 125 18 512 221 0 3196 2709 339670208 0 5271 5561
4717 263 31640.44 12 3 2001 118 38 4000 1000 1 25 125 1 1 28546 22 6393 5417 339670257 0 5273 5561
4718 263 31640.49 12 3 2001 118 38 4000 1000 1 25 125 2 1 28451 22 6395 5416 339670304 0 5275 5563
4719 263 31640.53 12 3 2001 118 38 4000 1000 1 25 125 3 1 28494 22 6393 5417 339670352 0 5275 5565
4720 263 31640.58 12 3 2001 118 38 4000 1000 1 25 125 4 1 28478 22 6394 5417 339670399 0 5277 5565
4721 263 31640.63 12 3 2001 118 38 4000 1000 1 25 125 5 1 28522 22 6395 5417 339670442 0 5279 5567
4722 263 31640.67 12 3 2001 118 38 4000 1000 1 25 125 6 1 28300 22 6393 5416 339670491 0 5279 5569
4723 263 31640.72 12 3 2001 118 38 4000 1000 1 25 125 7 1 29564 23 6393 5417 339670532 0 5281 5569
4724 263 31640.77 12 3 2001 118 38 4000 1000 1 25 125 8 1 29497 23 6395 5417 339670584 0 5283 5571
4725 263 31640.81 12 3 2001 118 38 4000 1000 1 25 125 9 1 28470 22 6394 5417 339670632 0 5283 5572
4726 263 31640.87 12 3 2001 118 38 4000 1000 1 25 125 10 1 28345 22 6393 5417 339670685 0 5285 5572
4727 263 31640.92 12 3 2001 118 38 4000 1000 1 25 125 11 1 28378 22 6393 5417 339670732 0 5287 5574
4728 263 31640.97 12 3 2001 118 38 4000 1000 1 25 125 12 1 29495 23 6394 5416 339670782 0 5287 5576
4729 263 31641.02 12 3 2001 118 38 4000 1000 1 25 125 13 1 29513 23 6394 5417 339670833 0 5290 5576
4730 263 31641.07 12 3 2001 118 38 4000 1000 1 25 125 14 1 28434 22 6394 5416 339670882 0 5293 5578
4731 263 31641.11 12 3 2001 118 38 4000 1000 1 25 125 15 1 28559 22 6393 5417 339670930 0 5293 5580
4732 263 31641.16 12 3 2001 118 38 4000 1000 1 25 125 16 1 28530 22 6393 5416 339670973 0 5295 5580
4733 263 31641.21 12 3 2001 118 38 4000 1000 1 25 125 17 1 29701 23 6393 5416 339671024 0 5298 5582
4734 263 31641.42 12 3 2001 118 38 4000 1000 1 25 125 18 769 6326033 4676 3197 2708 339671108 0 5298 5583
4735 264 31641.48 12 3 2001 118 38 4000 1000 1 25 125 1 1 29590 23 6393 5416 339671299 0 5305 5583
4736 264 31641.53 12 3 2001 118 38 4000 1000 1 25 125 2 1 29550 23 6392 5416 339671342 0 5307 5586
4737 264 31641.66 12 3 2001 118 38 4000 1000 1 25 125 3 1 29520 23 6392 5416 339671476 0 5307 5591
4738 264 31641.71 12 3 2001 118 38 4000 1000 1 25 125 4 1 29421 23 6393 5416 339671523 0 5311 5591
4739 264 31641.76 12 3 2001 118 38 4000 1000 1 25 125 5 1 29569 23 6393 5416 339671573 0 5313 5595
4740 264 31641.80 12 3 2001 118 38 4000 1000 1 25 125 6 1 29454 23 6393 5416 339671620 0 5313 5597
4741 264 31641.85 12 3 2001 118 38 4000 1000 1 25 125 7 1 29430 23 6393 5415 339671663 0 5314 5597
4742 264 31641.90 12 3 2001 118 38 4000 1000 1 25 125 8 1 29313 23 6393 5416 339671714 0 5315 5599
4743 264 31641.94 12 3 2001 118 38 4000 1000 1 25 125 9 1 29505 23 6392 5416 339671762 0 5315 5601
4744 264 31641.99 12 3 2001 118 38 4000 1000 1 25 125 10 1 29307 23 6392 5416 339671803 0 5316 5601
4745 264 31642.04 12 3 2001 118 38 4000 1000 1 25 125 11 1 29284 23 6394 5415 339671853 0 5318 5603
4746 264 31642.08 12 3 2001 118 38 4000 1000 1 25 125 12 1 27870 22 6392 5415 339671900 0 5318 5604
4747 264 31642.13 12 3 2001 118 38 4000 1000 1 25 125 13 1 27924 22 6391 5415 339671943 0 5319 5604
4748 264 31642.18 12 3 2001 118 38 4000 1000 1 25 125 14 1 29481 23 6392 5415 339671993 0 5321 5606
4749 264 31642.24 12 3 2001 118 38 4000 1000 1 25 125 15 1 29676 23 6392 5415 339672052 0 5321 5608
4750 264 31642.29 12 3 2001 118 38 4000 1000 1 25 125 16 1 29694 23 6393 5415 339672102 0 5323 5608
4751 264 31642.34 12 3 2001 118 38 4000 1000 1 25 125 17 1 29629 23 6392 5415 339672153 0 5324 5610
4752 264 31642.56 12 3 2001 118 38 4000 1000 1 25 125 18 1025 10520212 5036 3197 2708 339672239 0 5324 5612
4753 265 31642.62 12 3 2001 118 38 4000 1000 1 25 125 1 1 29391 23 6391 5414 339672434 0 5333 5612
4754 265 31642.67 12 3 2001 118 38 4000 1000 1 25 125 2 1 29400 23 6391 5415 339672482 0 5336 5615
4755 265 31642.71 12 3 2001 118 38 4000 1000 1 25 125 3 1 29304 23 6392 5414 339672532 0 5336 5621
4756 265 31642.76 12 3 2001 118 38 4000 1000 1 25 125 4 1 27931 22 6392 5414 339672575 0 5338 5621
4757 265 31642.81 12 3 2001 118 38 4000 1000 1 25 125 5 1 29377 23 6391 5415 339672623 0 5341 5623
4758 265 31642.85 12 3 2001 118 38 4000 1000 1 25 125 6 1 29330 23 6393 5415 339672670 0 5341 5625
4759 265 31642.90 12 3 2001 118 38 4000 1000 1 25 125 7 1 29277 23 6392 5414 339672712 0 5343 5625
4760 265 31642.95 12 3 2001 118 38 4000 1000 1 25 125 8 1 29148 23 6393 5414 339672761 0 5346 5627
4761 265 31643.21 12 3 2001 118 38 4000 1000 1 25 125 9 1 27934 22 6391 5414 339673027 0 5346 5629
4762 265 31643.26 12 3 2001 118 38 4000 1000 1 25 125 10 1 27776 22 6390 5414 339673072 0 5355 5629
4763 265 31643.31 12 3 2001 118 38 4000 1000 1 25 125 11 1 27737 22 6392 5414 339673121 0 5356 5636
4764 265 31643.36 12 3 2001 118 38 4000 1000 1 25 125 12 1 28780 23 6392 5414 339673172 0 5356 5638
4765 265 31643.41 12 3 2001 118 38 4000 1000 1 25 125 13 1 28896 23 6392 5414 339673223 0 5358 5638
4766 265 31643.46 12 3 2001 118 38 4000 1000 1 25 125 14 1 29202 23 6391 5414 339673272 0 5359 5640
4767 265 31643.50 12 3 2001 118 38 4000 1000 1 25 125 15 1 29469 23 6391 5413 339673320 0 5359 5641
4768 265 31643.55 12 3 2001 118 38 4000 1000 1 25 125 16 1 29542 23 6391 5414 339673364 0 5360 5641
4769 265 31643.60 12 3 2001 118 38 4000 1000 1 25 125 17 1 29510 23 6391 5414 339673414 0 5361 5643
4770 265 31643.67 12 3 2001 118 38 4000 1000 1 25 125 18 0 100 0 3196 2707 339673499 0 5361 5645
4771 266 31643.73 12 3 2001 118 38 4000 1000 1 25 125 1 1 29209 23 6390 5414 339673547 0 5362 5645
4772 266 31643.79 12 3 2001 118 38 4000 1000 1 25 125 2 1 29295 23 6392 5413 339673604 0 5363 5648
4773 266 31643.83 12 3 2001 118 38 4000 1000 1 25 125 3 1 27904 22 6391 5413 339673651 0 5363 5650
4774 266 31643.88 12 3 2001 118 38 4000 1000 1 25 125 4 1 27756 22 6391 5413 339673692 0 5364 5650
4775 266 31643.93 12 3 2001 118 38 4000 1000 1 25 125 5 1 29255 23 6390 5413 339673742 0 5365 5652
4776 266 31643.97 12 3 2001 118 38 4000 1000 1 25 125 6 1 29256 23 6391 5413 339673792 0 5365 5653
4777 266 31644.02 12 3 2001 118 38 4000 1000 1 25 125 7 1 27927 22 6392 5412 339673835 0 5366 5653
4778 266 31644.07 12 3 2001 118 38 4000 1000 1 25 125 8 1 29061 23 6391 5413 339673884 0 5367 5655
4779 266 31644.11 12 3 2001 118 38 4000 1000 1 25 125 9 1 27868 22 6391 5413 339673930 0 5367 5656
4780 266 31644.16 12 3 2001 118 38 4000 1000 1 25 125 10 1 28915 23 6391 5414 339673972 0 5369 5656
4781 266 31644.21 12 3 2001 118 38 4000 1000 1 25 125 11 1 28856 23 6390 5413 339674022 0 5371 5658
4782 266 31644.26 12 3 2001 118 38 4000 1000 1 25 125 12 1 28670 23 6391 5413 339674072 0 5371 5660
4783 266 31644.31 12 3 2001 118 38 4000 1000 1 25 125 13 1 28773 23 6391 5413 339674123 0 5373 5660
4784 266 31644.37 12 3 2001 118 38 4000 1000 1 25 125 14 1 27844 22 6391 5413 339674185 0 5376 5662
4785 266 31644.42 12 3 2001 118 38 4000 1000 1 25 125 15 1 29384 23 6391 5413 339674233 0 5376 5664
4786 266 31644.47 12 3 2001 118 38 4000 1000 1 25 125 16 1 29456 23 6390 5414 339674284 0 5378 5664
4787 266 31644.52 12 3 2001 118 38 4000 1000 1 25 125 17 1 29441 23 6391 5413 339674332 0 5381 5666
4788 266 31644.59 12 3 2001 118 38 4000 1000 1 25 125 18 256 0 0 3195 2707 339674417 0 5381 5668
4789 267 31644.65 12 3 2001 118 38 4000 1000 1 25 125 1 1 27833 22 6391 5413 339674467 0 5384 5668
4790 267 31644.70 12 3 2001 118 38 4000 1000 1 25 125 2 1 27923 22 6390 5413 339674514 0 5386 5671
4791 267 31644.75 12 3 2001 118 38 4000 1000 1 25 125 3 1 27772 22 6390 5412 339674563 0 5386 5673
4792 267 31644.80 12 3 2001 118 38 4000 1000 1 25 125 4 1 28876 23 6390 5413 339674611 0 5389 5673
4793 267 31644.85 12 3 2001 118 38 4000 1000 1 25 125 5 1 27866 22 6389 5412 339674662 0 5390 5674
4794 267 31644.89 12 3 2001 118 38 4000 1000 1 25 125 6 1 29218 23 6390 5412 339674712 0 5390 5676
4795 267 31644.94 12 3 2001 118 38 4000 1000 1 25 125 7 1 27883 22 6390 5412 339674755 0 5392 5676
4796 267 31645.00 12 3 2001 118 38 4000 1000 1 25 125 8 1 27713 22 6389 5412 339674814 0 5394 5678
4797 267 31645.04 12 3 2001 118 38 4000 1000 1 25 125 9 1 28969 23 6390 5412 339674860 0 5394 5680
4798 267 31645.09 12 3 2001 118 38 4000 1000 1 25 125 10 1 28764 23 6389 5412 339674902 0 5395 5680
4799 267 31645.14 12 3 2001 118 38 4000 1000 1 25 125 11 1 28665 23 6389 5412 339674954 0 5397 5682
4800 267 31645.19 12 3 2001 118 38 4000 1000 1 25 125 12 1 28530 23 6388 5412 339675002 0 5397 5684
4801 267 31645.24 12 3 2001 118 38 4000 1000 1 25 125 13 1 28639 23 6389 5412 339675051 0 5398 5684
4802 267 31645.29 12 3 2001 118 38 4000 1000 1 25 125 14 1 27727 22 6389 5412 339675103 0 5399 5686
4803 267 31645.34 12 3 2001 118 38 4000 1000 1 25 125 15 1 29290 23 6389 5412 339675152 0 5399 5687
4804 267 31645.39 12 3 2001 118 38 4000 1000 1 25 125 16 1 29397 23 6388 5412 339675203 0 5400 5687
4805 267 31645.44 12 3 2001 118 38 4000 1000 1 25 125 17 1 29366 23 6389 5412 339675252 0 5401 5689
4806 267 31645.51 12 3 2001 118 38 4000 1000 1 25 125 18 512 221 0 3195 2706 339675336 0 5401 5691
4807 268 31645.79 12 3 2001 118 38 4000 1000 1 25 125 1 1 27727 22 6389 5411 339675610 0 5402 5691
4808 268 31645.84 12 3 2001 118 38 4000 1000 1 25 125 2 1 27855 22 6389 5411 339675652 0 5406 5694
4809 268 31645.88 12 3 2001 118 38 4000 1000 1 25 125 3 1 28934 23 6389 5412 339675702 0 5406 5701
4810 268 31645.93 12 3 2001 118 38 4000 1000 1 25 125 4 1 28761 23 6390 5412 339675745 0 5407 5701
4811 268 31645.98 12 3 2001 118 38 4000 1000 1 25 125 5 1 27802 22 6390 5412 339675793 0 5408 5703
4812 268 31646.02 12 3 2001 118 38 4000 1000 1 25 125 6 1 29182 23 6388 5412 339675840 0 5408 5705
4813 268 31646.07 12 3 2001 118 38 4000 1000 1 25 125 7 1 27832 22 6387 5411 339675882 0 5409 5705
4814 268 31646.12 12 3 2001 118 38 4000 1000 1 25 125 8 1 27645 22 6388 5411 339675931 0 5411 5706
4815 268 31646.16 12 3 2001 118 38 4000 1000 1 25 125 9 1 28855 23 6388 5411 339675982 0 5411 5708
4816 268 31646.21 12 3 2001 118 38 4000 1000 1 25 125 10 1 28649 23 6389 5411 339676025 0 5412 5708
4817 268 31646.26 12 3 2001 118 38 4000 1000 1 25 125 11 1 28549 23 6388 5411 339676073 0 5414 5710
4818 268 31646.30 12 3 2001 118 38 4000 1000 1 25 125 12 1 28403 23 6388 5411 339676120 0 5414 5712
4819 268 31646.36 12 3 2001 118 38 4000 1000 1 25 125 13 1 28522 23 6388 5411 339676174 0 5416 5712
4820 268 31646.41 12 3 2001 118 38 4000 1000 1 25 125 14 1 28892 23 6388 5411 339676224 0 5419 5714
4821 268 31646.46 12 3 2001 118 38 4000 1000 1 25 125 15 1 27930 22 6388 5411 339676273 0 5419 5716
4822 268 31646.51 12 3 2001 118 38 4000 1000 1 25 125 16 1 29294 23 6388 5411 339676322 0 5422 5716
4823 268 31646.56 12 3 2001 118 38 4000 1000 1 25 125 17 1 29292 23 6388 5411 339676372 0 5425 5717
4824 268 31646.77 12 3 2001 118 38 4000 1000 1 25 125 18 769 4228882 4675 3194 2705 339676457 0 5425 5719
4825 269 31646.83 12 3 2001 118 38 4000 1000 1 25 125 1 1 28850 23 6388 5411 339676651 0 5437 5719
4826 269 31646.88 12 3 2001 118 38 4000 1000 1 25 125 2 1 28991 23 6388 5410 339676695 0 5441 5722
4827 269 31646.92 12 3 2001 118 38 4000 1000 1 25 125 3 1 28763 23 6386 5410 339676740 0 5441 5728
4828 269 31646.97 12 3 2001 118 38 4000 1000 1 25 125 4 1 28596 23 6387 5410 339676782 0 5445 5728
4829 269 31647.02 12 3 2001 118 38 4000 1000 1 25 125 5 1 28924 23 6387 5410 339676834 0 5450 5729
4830 269 31647.06 12 3 2001 118 38 4000 1000 1 25 125 6 1 27785 22 6387 5410 339676882 0 5450 5731
4831 269 31647.12 12 3 2001 118 38 4000 1000 1 25 125 7 1 27720 22 6386 5410 339676935 0 5453 5731
4832 269 31647.17 12 3 2001 118 38 4000 1000 1 25 125 8 1 28713 23 6388 5410 339676982 0 5458 5733
4833 269 31647.22 12 3 2001 118 38 4000 1000 1 25 125 9 1 28676 23 6386 5410 339677032 0 5458 5735
4834 269 31647.27 12 3 2001 118 38 4000 1000 1 25 125 10 1 28380 23 6386 5410 339677082 0 5461 5735
4835 269 31647.32 12 3 2001 118 38 4000 1000 1 25 125 11 1 29495 24 6387 5409 339677132 0 5465 5737
4836 269 31647.36 12 3 2001 118 38 4000 1000 1 25 125 12 1 29360 24 6386 5410 339677180 0 5465 5739
4837 269 31647.41 12 3 2001 118 38 4000 1000 1 25 125 13 1 28347 23 6387 5410 339677223 0 5468 5739
4838 269 31647.46 12 3 2001 118 38 4000 1000 1 25 125 14 1 28752 23 6387 5409 339677274 0 5470 5741
4839 269 31647.51 12 3 2001 118 38 4000 1000 1 25 125 15 1 27812 22 6387 5410 339677322 0 5470 5743
4840 269 31647.56 12 3 2001 118 38 4000 1000 1 25 125 16 1 27908 22 6387 5409 339677372 0 5473 5743
4841 269 31647.61 12 3 2001 118 38 4000 1000 1 25 125 17 1 27867 22 6388 5409 339677422 0 5475 5745
4842 269 31647.84 12 3 2001 118 38 4000 1000 1 25 125 18 1025 15763095 5036 3193 2704 339677519 0 5475 5747
4843 270 31647.90 12 3 2001 118 38 4000 1000 1 25 125 1 1 28720 23 6385 5409 339677713 0 5480 5747
4844 270 31647.95 12 3 2001 118 38 4000 1000 1 25 125 2 1 28881 23 6386 5408 339677763 0 5481 5750
4845 270 31647.99 12 3 2001 118 38 4000 1000 1 25 125 3 1 28650 23 6388 5409 339677812 0 5481 5756
4846 270 31648.04 12 3 2001 118 38 4000 1000 1 25 125 4 1 28486 23 6387 5408 339677854 0 5482 5756
4847 270 31648.09 12 3 2001 118 38 4000 1000 1 25 125 5 1 28830 23 6386 5409 339677902 0 5482 5758
4848 270 31648.13 12 3 2001 118 38 4000 1000 1 25 125 6 1 27670 22 6387 5409 339677950 0 5482 5760
4849 270 31648.18 12 3 2001 118 38 4000 1000 1 25 125 7 1 28846 23 6387 5408 339677992 0 5483 5760
4850 270 31648.23 12 3 2001 118 38 4000 1000 1 25 125 8 1 28652 23 6386 5409 339678044 0 5483 5762
4851 270 31648.27 12 3 2001 118 38 4000 1000 1 25 125 9 1 28579 23 6386 5408 339678092 0 5483 5764
4852 270 31648.32 12 3 2001 118 38 4000 1000 1 25 125 10 1 28314 23 6386 5408 339678133 0 5483 5764
4853 270 31648.37 12 3 2001 118 38 4000 1000 1 25 125 11 1 29411 24 6386 5409 339678182 0 5483 5766
4854 270 31648.64 12 3 2001 118 38 4000 1000 1 25 125 12 1 29306 24 6387 5408 339678453 0 5483 5767
4855 270 31648.69 12 3 2001 118 38 4000 1000 1 25 125 13 1 28300 23 6386 5408 339678502 0 5484 5767
4856 270 31648.74 12 3 2001 118 38 4000 1000 1 25 125 14 1 28720 23 6386 5408 339678553 0 5485 5775
4857 270 31648.79 12 3 2001 118 38 4000 1000 1 25 125 15 1 27793 22 6386 5408 339678603 0 5485 5777
4858 270 31648.84 12 3 2001 118 38 4000 1000 1 25 125 16 1 27868 22 6386 5408 339678653 0 5485 5777
4859 270 31648.89 12 3 2001 118 38 4000 1000 1 25 125 17 1 27834 22 6386 5408 339678702 0 0 5778
4860 270 31648.96 12 3 2001 118 38 4000 1000 1 25 125 18 0 100 0 3193 2704 339678785 0 0 5780
4861 271 31649.03 12 3 2001 118 38 4000 1000 1 25 125 1 1 28731 23 6385 5408 339678839 0 0 5780
4862 271 31649.08 12 3 2001 118 38 4000 1000 1 25 125 2 1 28843 23 6386 5408 339678893 0 5489 5782
4863 271 31649.12 12 3 2001 118 38 4000 1000 1 25 125 3 1 28613 23 6386 5408 339678940 0 5489 5784
4864 271 31649.17 12 3 2001 118 38 4000 1000 1 25 125 4 1 28481 23 6385 5408 339678982 0 5490 5784
4865 271 31649.23 12 3 2001 118 38 4000 1000 1 25 125 5 1 28820 23 6385 5408 339679043 0 5492 5786
4866 271 31649.28 12 3 2001 118 38 4000 1000 1 25 125 6 1 28887 23 6385 5408 339679093 0 5492 5788
4867 271 31649.33 12 3 2001 118 38 4000 1000 1 25 125 7 1 28789 23 6386 5407 339679141 0 5493 5788
4868 271 31649.38 12 3 2001 118 38 4000 1000 1 25 125 8 1 28602 23 6385 5408 339679192 0 5495 5790
4869 271 31649.42 12 3 2001 118 38 4000 1000 1 25 125 9 1 28518 23 6385 5408 339679242 0 5495 5791
4870 271 31649.47 12 3 2001 118 38 4000 1000 1 25 125 10 1 29519 24 6385 5408 339679285 0 5496 5791
4871 271 31649.52 12 3 2001 118 38 4000 1000 1 25 125 11 1 29382 24 6385 5408 339679334 0 5498 5793
4872 271 31649.56 12 3 2001 118 38 4000 1000 1 25 125 12 1 29287 24 6385 5407 339679380 0 5498 5795
4873 271 31649.61 12 3 2001 118 38 4000 1000 1 25 125 13 1 29533 24 6385 5408 339679424 0 5500 5795
4874 271 31649.66 12 3 2001 118 38 4000 1000 1 25 125 14 1 28699 23 6383 5408 339679476 0 5502 5796
4875 271 31649.71 12 3 2001 118 38 4000 1000 1 25 125 15 1 27763 22 6384 5408 339679523 0 5502 5798
4876 271 31649.76 12 3 2001 118 38 4000 1000 1 25 125 16 1 27843 22 6385 5408 339679573 0 5504 5798
4877 271 31649.83 12 3 2001 118 38 4000 1000 1 25 125 17 1 27772 22 6385 5408 339679641 0 5508 5800
4878 271 31649.90 12 3 2001 118 38 4000 1000 1 25 125 18 256 0 0 3192 2704 339679728 0 5508 5802
4879 272 31649.96 12 3 2001 118 38 4000 1000 1 25 125 1 1 28670 23 6385 5408 339679777 0 5511 5802
4880 272 31650.01 12 3 2001 118 38 4000 1000 1 25 125 2 1 28801 23 6385 5407 339679825 0 5514 5805
4881 272 31650.05 12 3 2001 118 38 4000 1000 1 25 125 3 1 28556 23 6384 5407 339679872 0 5514 5807
4882 272 31650.10 12 3 2001 118 38 4000 1000 1 25 125 4 1 28454 23 6383 5407 339679915 0 5516 5807
4883 272 31650.15 12 3 2001 118 38 4000 1000 1 25 125 5 1 28780 23 6385 5407 339679962 0 5519 5808
4884 272 31650.19 12 3 2001 118 38 4000 1000 1 25 125 6 1 28803 23 6385 5407 339680011 0 5519 5810
4885 272 31650.24 12 3 2001 118 38 4000 1000 1 25 125 7 1 28725 23 6384 5407 339680052 0 5522 5810
4886 272 31650.29 12 3 2001 118 38 4000 1000 1 25 125 8 1 28588 23 6383 5407 339680105 0 5525 5812
4887 272 31650.33 12 3 2001 118 38 4000 1000 1 25 125 9 1 28458 23 6384 5406 339680152 0 5525 5814
4888 272 31650.38 12 3 2001 118 38 4000 1000 1 25 125 10 1 29497 24 6383 5407 339680194 0 5527 5814
4889 272 31650.44 12 3 2001 118 38 4000 1000 1 25 125 11 1 29438 24 6385 5407 339680252 0 5530 5816
4890 272 31650.49 12 3 2001 118 38 4000 1000 1 25 125 12 1 29352 24 6384 5406 339680302 0 5530 5818
4891 272 31650.54 12 3 2001 118 38 4000 1000 1 25 125 13 1 29537 24 6383 5407 339680353 0 5533 5818
4892 272 31650.59 12 3 2001 118 38 4000 1000 1 25 125 14 1 28712 23 6384 5407 339680402 0 5536 5820
4893 272 31650.63 12 3 2001 118 38 4000 1000 1 25 125 15 1 27732 22 6384 5406 339680451 0 5536 5822
4894 272 31650.68 12 3 2001 118 38 4000 1000 1 25 125 16 1 27803 22 6383 5407 339680496 0 5538 5822
4895 272 31650.73 12 3 2001 118 38 4000 1000 1 25 125 17 1 27711 22 6384 5406 339680545 0 5541 5824
4896 272 31650.80 12 3 2001 118 38 4000 1000 1 25 125 18 512 221 0 3192 2703 339680627 0 5541 5826
4897 273 31650.86 12 3 2001 118 38 4000 1000 1 25 125 1 1 28624 23 6383 5406 339680677 0 5544 5826
4898 273 31650.91 12 3 2001 118 38 4000 1000 1 25 125 2 1 28760 23 6384 5407 339680724 0 5546 5829
4899 273 31650.95 12 3 2001 118 38 4000 1000 1 25 125 3 1 28534 23 6384 5406 339680772 0 5546 5831
4900 273 31651.22 12 3 2001 118 38 4000 1000 1 25 125 4 1 28460 23 6383 5405 339681036 0 5548 5831
4901 273 31651.27 12 3 2001 118 38 4000 1000 1 25 125 5 1 28734 23 6383 5406 339681084 0 5553 5833
4902 273 31651.31 12 3 2001 118 38 4000 1000 1 25 125 6 1 28760 23 6383 5406 339681132 0 5553 5841
4903 273 31651.36 12 3 2001 118 38 4000 1000 1 25 125 7 1 28659 23 6383 5406 339681173 0 5554 5841
4904 273 31651.41 12 3 2001 118 38 4000 1000 1 25 125 8 1 28475 23 6383 5406 339681222 0 5555 5842
4905 273 31651.45 12 3 2001 118 38 4000 1000 1 25 125 9 1 28442 23 6384 5406 339681271 0 5555 5844
4906 273 31651.50 12 3 2001 118 38 4000 1000 1 25 125 10 1 29481 24 6383 5406 339681312 0 5555 5844
4907 273 31651.55 12 3 2001 118 38 4000 1000 1 25 125 11 1 29489 24 6383 5406 339681364 0 5556 5846
4908 273 31651.60 12 3 2001 118 38 4000 1000 1 25 125 12 1 29440 24 6383 5406 339681412 0 5556 5847
4909 273 31651.65 12 3 2001 118 38 4000 1000 1 25 125 13 1 28357 23 6382 5406 339681462 0 5557 5847
4910 273 31651.70 12 3 2001 118 38 4000 1000 1 25 125 14 1 28698 23 6383 5406 339681512 0 5558 5850
4911 273 31651.75 12 3 2001 118 38 4000 1000 1 25 125 15 1 28991 23 6384 5406 339681562 0 5558 5851
4912 273 31651.88 12 3 2001 118 38 4000 1000 1 25 125 16 1 27790 22 6383 5406 339681691 0 5559 5851
4913 273 31651.93 12 3 2001 118 38 4000 1000 1 25 125 17 1 28981 23 6383 5406 339681742 0 5560 5853
4914 273 31652.14 12 3 2001 118 38 4000 1000 1 25 125 18 769 13666075 4674 3192 2703 339681827 0 5560 5857
4915 274 31652.20 12 3 2001 118 38 4000 1000 1 25 125 1 1 28624 23 6383 5405 339682020 0 5563 5857
4916 274 31652.25 12 3 2001 118 38 4000 1000 1 25 125 2 1 28758 23 6383 5405 339682062 0 5564 5860
4917 274 31652.30 12 3 2001 118 38 4000 1000 1 25 125 3 1 28506 23 6382 5405 339682113 0 5564 5865
4918 274 31652.35 12 3 2001 118 38 4000 1000 1 25 125 4 1 28454 23 6383 5405 339682163 0 5565 5865
4919 274 31652.40 12 3 2001 118 38 4000 1000 1 25 125 5 1 28723 23 6382 5406 339682212 0 5566 5867
4920 274 31652.44 12 3 2001 118 38 4000 1000 1 25 125 6 1 28766 23 6383 5405 339682260 0 5566 5868
4921 274 31652.49 12 3 2001 118 38 4000 1000 1 25 125 7 1 28655 23 6383 5405 339682303 0 5568 5868
4922 274 31652.54 12 3 2001 118 38 4000 1000 1 25 125 8 1 28452 23 6382 5405 339682354 0 5570 5870
4923 274 31652.58 12 3 2001 118 38 4000 1000 1 25 125 9 1 28428 23 6383 5405 339682402 0 5570 5872
4924 274 31652.64 12 3 2001 118 38 4000 1000 1 25 125 10 1 28292 23 6382 5405 339682454 0 5572 5872
4925 274 31652.69 12 3 2001 118 38 4000 1000 1 25 125 11 1 28300 23 6383 5405 339682502 0 5575 5873
4926 274 31652.74 12 3 2001 118 38 4000 1000 1 25 125 12 1 29516 24 6381 5405 339682552 0 5575 5875
4927 274 31652.79 12 3 2001 118 38 4000 1000 1 25 125 13 1 28399 23 6381 5405 339682603 0 5577 5875
4928 274 31652.84 12 3 2001 118 38 4000 1000 1 25 125 14 1 28712 23 6382 5404 339682653 0 5581 5877
4929 274 31652.88 12 3 2001 118 38 4000 1000 1 25 125 15 1 27713 22 6383 5404 339682700 0 5581 5879
4930 274 31652.93 12 3 2001 118 38 4000 1000 1 25 125 16 1 27779 22 6383 5405 339682745 0 5583 5879
4931 274 31652.98 12 3 2001 118 38 4000 1000 1 25 125 17 1 27715 22 6381 5404 339682794 0 5587 5881
4932 274 31653.20 12 3 2001 118 38 4000 1000 1 25 125 18 1025 2131597 5037 3191 2702 339682879 0 5587 5882
4933 275 31653.26 12 3 2001 118 38 4000 1000 1 25 125 1 1 28564 23 6380 5405 339683072 0 5597 5882
4934 275 31653.31 12 3 2001 118 38 4000 1000 1 25 125 2 1 28703 23 6381 5404 339683124 0 5600 5885
4935 275 31653.36 12 3 2001 118 38 4000 1000 1 25 125 3 1 28487 23 6382 5404 339683182 0 5600 5890
4936 275 31653.41 12 3 2001 118 38 4000 1000 1 25 125 4 1 28462 23 6382 5404 339683226 0 5603 5890
4937 275 31653.46 12 3 2001 118 38 4000 1000 1 25 125 5 1 28718 23 6380 5403 339683272 0 5606 5892
4938 275 31653.50 12 3 2001 118 38 4000 1000 1 25 125 6 1 28784 23 6381 5403 339683322 0 5606 5893
4939 275 31653.55 12 3 2001 118 38 4000 1000 1 25 125 7 1 28652 23 6380 5404 339683365 0 5608 5893
4940 275 31653.60 12 3 2001 118 38 4000 1000 1 25 125 8 1 28352 23 6380 5404 339683413 0 5611 5895
4941 275 31653.64 12 3 2001 118 38 4000 1000 1 25 125 9 1 28410 23 6382 5403 339683461 0 5611 5896
4942 275 31653.69 12 3 2001 118 38 4000 1000 1 25 125 10 1 29499 24 6381 5403 339683502 0 5614 5896
4943 275 31653.74 12 3 2001 118 38 4000 1000 1 25 125 11 1 28366 23 6381 5404 339683553 0 5616 5898
4944 275 31653.79 12 3 2001 118 38 4000 1000 1 25 125 12 1 28298 23 6380 5404 339683602 0 5616 5900
4945 275 31653.84 12 3 2001 118 38 4000 1000 1 25 125 13 1 28408 23 6381 5404 339683654 0 5619 5900
4946 275 31653.89 12 3 2001 118 38 4000 1000 1 25 125 14 1 28726 23 6380 5403 339683702 0 5621 5902
4947 275 31654.15 12 3 2001 118 38 4000 1000 1 25 125 15 1 28966 23 6381 5402 339683962 0 5621 5904
4948 275 31654.20 12 3 2001 118 38 4000 1000 1 25 125 16 1 27752 22 6381 5403 339684013 0 5626 5904
4949 275 31654.25 12 3 2001 118 38 4000 1000 1 25 125 17 1 27710 22 6381 5403 339684062 0 5628 5911
4950 275 31654.32 12 3 2001 118 38 4000 1000 1 25 125 18 0 101 0 3191 2702 339684147 0 5628 5914
4951 276 31654.38 12 3 2001 118 38 4000 1000 1 25 125 1 1 28570 23 6381 5403 339684198 0 5629 5914
4952 276 31654.43 12 3 2001 118 38 4000 1000 1 25 125 2 1 28705 23 6380 5403 339684244 0 5631 5916
4953 276 31654.47 12 3 2001 118 38 4000 1000 1 25 125 3 1 28466 23 6381 5403 339684292 0 5631 5918
4954 276 31654.52 12 3 2001 118 38 4000 1000 1 25 125 4 1 28450 23 6380 5403 339684334 0 5632 5918
4955 276 31654.57 12 3 2001 118 38 4000 1000 1 25 125 5 1 28707 23 6379 5403 339684382 0 5633 5920
4956 276 31654.61 12 3 2001 118 38 4000 1000 1 25 125 6 1 28774 23 6380 5402 339684430 0 5633 5922
4957 276 31654.66 12 3 2001 118 38 4000 1000 1 25 125 7 1 28660 23 6380 5403 339684476 0 5634 5922
4958 276 31654.71 12 3 2001 118 38 4000 1000 1 25 125 8 1 28392 23 6380 5403 339684524 0 5635 5924
4959 276 31654.76 12 3 2001 118 38 4000 1000 1 25 125 9 1 28365 23 6379 5402 339684582 0 5635 5926
4960 276 31654.81 12 3 2001 118 38 4000 1000 1 25 125 10 1 29494 24 6381 5403 339684624 0 5635 5926
4961 276 31654.86 12 3 2001 118 38 4000 1000 1 25 125 11 1 28299 23 6380 5402 339684672 0 5635 5928
4962 276 31654.91 12 3 2001 118 38 4000 1000 1 25 125 12 1 29508 24 6380 5403 339684723 0 5635 5930
4963 276 31654.96 12 3 2001 118 38 4000 1000 1 25 125 13 1 28390 23 6379 5403 339684773 0 5636 5930
4964 276 31655.01 12 3 2001 118 38 4000 1000 1 25 125 14 1 28719 23 6379 5403 339684822 0 5636 5932
4965 276 31655.05 12 3 2001 118 38 4000 1000 1 25 125 15 1 28956 23 6380 5402 339684870 0 5636 5934
4966 276 31655.10 12 3 2001 118 38 4000 1000 1 25 125 16 1 27745 22 6379 5402 339684914 0 5637 5934
4967 276 31655.15 12 3 2001 118 38 4000 1000 1 25 125 17 1 28974 23 6380 5402 339684964 0 5637 5936
4968 276 31655.22 12 3 2001 118 38 4000 1000 1 25 125 18 256 0 0 3190 2701 339685048 0 5637 5937
4969 277 31655.28 12 3 2001 118 38 4000 1000 1 25 125 1 1 28573 23 6380 5402 339685097 0 5637 5937
4970 277 31655.34 12 3 2001 118 38 4000 1000 1 25 125 2 1 28682 23 6379 5402 339685154 0 5638 5940
4971 277 31655.38 12 3 2001 118 38 4000 1000 1 25 125 3 1 28457 23 6378 5402 339685200 0 5638 5941
4972 277 31655.43 12 3 2001 118 38 4000 1000 1 25 125 4 1 28450 23 6379 5403 339685242 0 5639 5941
4973 277 31655.48 12 3 2001 118 38 4000 1000 1 25 125 5 1 28687 23 6379 5403 339685291 0 5639 5943
4974 277 31655.52 12 3 2001 118 38 4000 1000 1 25 125 6 1 28783 23 6379 5402 339685342 0 5639 5945
4975 277 31655.57 12 3 2001 118 38 4000 1000 1 25 125 7 1 28632 23 6379 5402 339685386 0 5640 5945
4976 277 31655.62 12 3 2001 118 38 4000 1000 1 25 125 8 1 28364 23 6379 5403 339685434 0 5641 5946
4977 277 31655.66 12 3 2001 118 38 4000 1000 1 25 125 9 1 28369 23 6380 5402 339685480 0 5641 5947
4978 277 31655.71 12 3 2001 118 38 4000 1000 1 25 125 10 1 29458 24 6378 5403 339685522 0 5642 5947
4979 277 31655.76 12 3 2001 118 38 4000 1000 1 25 125 11 1 28288 23 6380 5402 339685572 0 5643 5949
4980 277 31655.81 12 3 2001 118 38 4000 1000 1 25 125 12 1 29476 24 6379 5402 339685623 0 5643 5951
4981 277 31655.86 12 3 2001 118 38 4000 1000 1 25 125 13 1 28374 23 6378 5402 339685673 0 5645 5951
4982 277 31655.92 12 3 2001 118 38 4000 1000 1 25 125 14 1 28681 23 6378 5402 339685733 0 5647 5952
4983 277 31655.97 12 3 2001 118 38 4000 1000 1 25 125 15 1 28942 23 6378 5402 339685783 0 5647 5954
4984 277 31656.02 12 3 2001 118 38 4000 1000 1 25 125 16 1 28979 23 6378 5403 339685833 0 5649 5954
4985 277 31656.07 12 3 2001 118 38 4000 1000 1 25 125 17 1 28923 23 6380 5402 339685882 0 5651 5956
4986 277 31656.15 12 3 2001 118 38 4000 1000 1 25 125 18 512 221 0 3189 2701 339685973 0 5651 5958
4987 278 31656.21 12 3 2001 118 38 4000 1000 1 25 125 1 1 28529 23 6379 5402 339686027 0 5656 5958
4988 278 31656.26 12 3 2001 118 38 4000 1000 1 25 125 2 1 28637 23 6379 5402 339686074 0 5659 5960
4989 278 31656.30 12 3 2001 118 38 4000 1000 1 25 125 3 1 28433 23 6378 5402 339686122 0 5659 5962
4990 278 31656.35 12 3 2001 118 38 4000 1000 1 25 125 4 1 28414 23 6377 5402 339686165 0 5662 5962
4991 278 31656.40 12 3 2001 118 38 4000 1000 1 25 125 5 1 28668 23 6379 5401 339686214 0 5666 5964
4992 278 31656.44 12 3 2001 118 38 4000 1000 1 25 125 6 1 28717 23 6379 5401 339686261 0 5666 5966
4993 278 31656.70 12 3 2001 118 38 4000 1000 1 25 125 7 1 28560 23 6378 5401 339686518 0 5670 5966
4994 278 31656.75 12 3 2001 118 38 4000 1000 1 25 125 8 1 28322 23 6378 5400 339686564 0 5689 5967
4995 278 31656.79 12 3 2001 118 38 4000 1000 1 25 125 9 1 28315 23 6379 5400 339686611 0 5689 5974
4996 278 31656.84 12 3 2001 118 38 4000 1000 1 25 125 10 1 29443 24 6377 5400 339686652 0 5693 5974
4997 278 31656.90 12 3 2001 118 38 4000 1000 1 25 125 11 1 29426 24 6377 5400 339686703 0 5697 5976
4998 278 31656.95 12 3 2001 118 38 4000 1000 1 25 125 12 1 29428 24 6378 5400 339686764 0 5697 5978
4999 278 31657.00 12 3 2001 118 38 4000 1000 1 25 125 13 1 28353 23 6377 5400 339686812 0 5702 5978
5000 278 31657.05 12 3 2001 118 38 4000 1000 1 25 125 14 1 28676 23 6378 5400 339686862 0 5706 5980
